{
 "cells": [
  {
   "cell_type": "code",
   "execution_count": 97,
   "metadata": {},
   "outputs": [],
   "source": [
    "from sklearn.model_selection import train_test_split\n",
    "from sklearn.linear_model import LinearRegression\n",
    "from sklearn.metrics import r2_score\n",
    "from plotnine import *\n",
    "import pandas as pd\n",
    "import random"
   ]
  },
  {
   "cell_type": "code",
   "execution_count": 98,
   "metadata": {},
   "outputs": [],
   "source": [
    "# Seeding for reproducable results\n",
    "random.seed(3922020)"
   ]
  },
  {
   "cell_type": "markdown",
   "metadata": {},
   "source": [
    "## Single Linear Regression"
   ]
  },
  {
   "cell_type": "code",
   "execution_count": 99,
   "metadata": {},
   "outputs": [
    {
     "data": {
      "text/html": [
       "<div>\n",
       "<style scoped>\n",
       "    .dataframe tbody tr th:only-of-type {\n",
       "        vertical-align: middle;\n",
       "    }\n",
       "\n",
       "    .dataframe tbody tr th {\n",
       "        vertical-align: top;\n",
       "    }\n",
       "\n",
       "    .dataframe thead th {\n",
       "        text-align: right;\n",
       "    }\n",
       "</style>\n",
       "<table border=\"1\" class=\"dataframe\">\n",
       "  <thead>\n",
       "    <tr style=\"text-align: right;\">\n",
       "      <th></th>\n",
       "      <th>ID</th>\n",
       "      <th>crim</th>\n",
       "      <th>zn</th>\n",
       "      <th>indus</th>\n",
       "      <th>chas</th>\n",
       "      <th>nox</th>\n",
       "      <th>rm</th>\n",
       "      <th>age</th>\n",
       "      <th>dis</th>\n",
       "      <th>rad</th>\n",
       "      <th>tax</th>\n",
       "      <th>ptratio</th>\n",
       "      <th>black</th>\n",
       "      <th>lstat</th>\n",
       "      <th>medv</th>\n",
       "    </tr>\n",
       "  </thead>\n",
       "  <tbody>\n",
       "    <tr>\n",
       "      <td>0</td>\n",
       "      <td>1</td>\n",
       "      <td>0.00632</td>\n",
       "      <td>18.0</td>\n",
       "      <td>2.31</td>\n",
       "      <td>0</td>\n",
       "      <td>0.538</td>\n",
       "      <td>6.575</td>\n",
       "      <td>65.2</td>\n",
       "      <td>4.0900</td>\n",
       "      <td>1</td>\n",
       "      <td>296</td>\n",
       "      <td>15.3</td>\n",
       "      <td>396.90</td>\n",
       "      <td>4.98</td>\n",
       "      <td>24.0</td>\n",
       "    </tr>\n",
       "    <tr>\n",
       "      <td>1</td>\n",
       "      <td>2</td>\n",
       "      <td>0.02731</td>\n",
       "      <td>0.0</td>\n",
       "      <td>7.07</td>\n",
       "      <td>0</td>\n",
       "      <td>0.469</td>\n",
       "      <td>6.421</td>\n",
       "      <td>78.9</td>\n",
       "      <td>4.9671</td>\n",
       "      <td>2</td>\n",
       "      <td>242</td>\n",
       "      <td>17.8</td>\n",
       "      <td>396.90</td>\n",
       "      <td>9.14</td>\n",
       "      <td>21.6</td>\n",
       "    </tr>\n",
       "    <tr>\n",
       "      <td>2</td>\n",
       "      <td>4</td>\n",
       "      <td>0.03237</td>\n",
       "      <td>0.0</td>\n",
       "      <td>2.18</td>\n",
       "      <td>0</td>\n",
       "      <td>0.458</td>\n",
       "      <td>6.998</td>\n",
       "      <td>45.8</td>\n",
       "      <td>6.0622</td>\n",
       "      <td>3</td>\n",
       "      <td>222</td>\n",
       "      <td>18.7</td>\n",
       "      <td>394.63</td>\n",
       "      <td>2.94</td>\n",
       "      <td>33.4</td>\n",
       "    </tr>\n",
       "    <tr>\n",
       "      <td>3</td>\n",
       "      <td>5</td>\n",
       "      <td>0.06905</td>\n",
       "      <td>0.0</td>\n",
       "      <td>2.18</td>\n",
       "      <td>0</td>\n",
       "      <td>0.458</td>\n",
       "      <td>7.147</td>\n",
       "      <td>54.2</td>\n",
       "      <td>6.0622</td>\n",
       "      <td>3</td>\n",
       "      <td>222</td>\n",
       "      <td>18.7</td>\n",
       "      <td>396.90</td>\n",
       "      <td>5.33</td>\n",
       "      <td>36.2</td>\n",
       "    </tr>\n",
       "    <tr>\n",
       "      <td>4</td>\n",
       "      <td>7</td>\n",
       "      <td>0.08829</td>\n",
       "      <td>12.5</td>\n",
       "      <td>7.87</td>\n",
       "      <td>0</td>\n",
       "      <td>0.524</td>\n",
       "      <td>6.012</td>\n",
       "      <td>66.6</td>\n",
       "      <td>5.5605</td>\n",
       "      <td>5</td>\n",
       "      <td>311</td>\n",
       "      <td>15.2</td>\n",
       "      <td>395.60</td>\n",
       "      <td>12.43</td>\n",
       "      <td>22.9</td>\n",
       "    </tr>\n",
       "  </tbody>\n",
       "</table>\n",
       "</div>"
      ],
      "text/plain": [
       "   ID     crim    zn  indus  chas    nox     rm   age     dis  rad  tax  \\\n",
       "0   1  0.00632  18.0   2.31     0  0.538  6.575  65.2  4.0900    1  296   \n",
       "1   2  0.02731   0.0   7.07     0  0.469  6.421  78.9  4.9671    2  242   \n",
       "2   4  0.03237   0.0   2.18     0  0.458  6.998  45.8  6.0622    3  222   \n",
       "3   5  0.06905   0.0   2.18     0  0.458  7.147  54.2  6.0622    3  222   \n",
       "4   7  0.08829  12.5   7.87     0  0.524  6.012  66.6  5.5605    5  311   \n",
       "\n",
       "   ptratio   black  lstat  medv  \n",
       "0     15.3  396.90   4.98  24.0  \n",
       "1     17.8  396.90   9.14  21.6  \n",
       "2     18.7  394.63   2.94  33.4  \n",
       "3     18.7  396.90   5.33  36.2  \n",
       "4     15.2  395.60  12.43  22.9  "
      ]
     },
     "execution_count": 99,
     "metadata": {},
     "output_type": "execute_result"
    }
   ],
   "source": [
    "data = pd.read_csv(\"~/Desktop/ChapmanSpring20/CPSC392/Assignments/03-boston/boston.csv\")\n",
    "data.head()"
   ]
  },
  {
   "cell_type": "code",
   "execution_count": 100,
   "metadata": {},
   "outputs": [
    {
     "data": {
      "text/html": [
       "<div>\n",
       "<style scoped>\n",
       "    .dataframe tbody tr th:only-of-type {\n",
       "        vertical-align: middle;\n",
       "    }\n",
       "\n",
       "    .dataframe tbody tr th {\n",
       "        vertical-align: top;\n",
       "    }\n",
       "\n",
       "    .dataframe thead th {\n",
       "        text-align: right;\n",
       "    }\n",
       "</style>\n",
       "<table border=\"1\" class=\"dataframe\">\n",
       "  <thead>\n",
       "    <tr style=\"text-align: right;\">\n",
       "      <th></th>\n",
       "      <th>ID</th>\n",
       "      <th>crim</th>\n",
       "      <th>zn</th>\n",
       "      <th>indus</th>\n",
       "      <th>chas</th>\n",
       "      <th>nox</th>\n",
       "      <th>rm</th>\n",
       "      <th>age</th>\n",
       "      <th>dis</th>\n",
       "      <th>rad</th>\n",
       "      <th>tax</th>\n",
       "      <th>ptratio</th>\n",
       "      <th>black</th>\n",
       "      <th>lstat</th>\n",
       "      <th>medv</th>\n",
       "    </tr>\n",
       "  </thead>\n",
       "  <tbody>\n",
       "    <tr>\n",
       "      <td>ID</td>\n",
       "      <td>1.000000</td>\n",
       "      <td>0.456312</td>\n",
       "      <td>-0.155639</td>\n",
       "      <td>0.421978</td>\n",
       "      <td>0.007958</td>\n",
       "      <td>0.440185</td>\n",
       "      <td>-0.112790</td>\n",
       "      <td>0.257300</td>\n",
       "      <td>-0.356461</td>\n",
       "      <td>0.707526</td>\n",
       "      <td>0.686246</td>\n",
       "      <td>0.309838</td>\n",
       "      <td>-0.271619</td>\n",
       "      <td>0.281953</td>\n",
       "      <td>-0.221694</td>\n",
       "    </tr>\n",
       "    <tr>\n",
       "      <td>crim</td>\n",
       "      <td>0.456312</td>\n",
       "      <td>1.000000</td>\n",
       "      <td>-0.210913</td>\n",
       "      <td>0.422228</td>\n",
       "      <td>-0.041195</td>\n",
       "      <td>0.463001</td>\n",
       "      <td>-0.310180</td>\n",
       "      <td>0.379034</td>\n",
       "      <td>-0.397067</td>\n",
       "      <td>0.666636</td>\n",
       "      <td>0.617081</td>\n",
       "      <td>0.313409</td>\n",
       "      <td>-0.475796</td>\n",
       "      <td>0.532077</td>\n",
       "      <td>-0.407454</td>\n",
       "    </tr>\n",
       "    <tr>\n",
       "      <td>zn</td>\n",
       "      <td>-0.155639</td>\n",
       "      <td>-0.210913</td>\n",
       "      <td>1.000000</td>\n",
       "      <td>-0.518679</td>\n",
       "      <td>-0.024442</td>\n",
       "      <td>-0.501990</td>\n",
       "      <td>0.328197</td>\n",
       "      <td>-0.544513</td>\n",
       "      <td>0.637142</td>\n",
       "      <td>-0.303663</td>\n",
       "      <td>-0.311180</td>\n",
       "      <td>-0.380449</td>\n",
       "      <td>0.168130</td>\n",
       "      <td>-0.388112</td>\n",
       "      <td>0.344842</td>\n",
       "    </tr>\n",
       "    <tr>\n",
       "      <td>indus</td>\n",
       "      <td>0.421978</td>\n",
       "      <td>0.422228</td>\n",
       "      <td>-0.518679</td>\n",
       "      <td>1.000000</td>\n",
       "      <td>0.037496</td>\n",
       "      <td>0.750087</td>\n",
       "      <td>-0.440365</td>\n",
       "      <td>0.638378</td>\n",
       "      <td>-0.702327</td>\n",
       "      <td>0.569779</td>\n",
       "      <td>0.708313</td>\n",
       "      <td>0.391087</td>\n",
       "      <td>-0.335049</td>\n",
       "      <td>0.614155</td>\n",
       "      <td>-0.473932</td>\n",
       "    </tr>\n",
       "    <tr>\n",
       "      <td>chas</td>\n",
       "      <td>0.007958</td>\n",
       "      <td>-0.041195</td>\n",
       "      <td>-0.024442</td>\n",
       "      <td>0.037496</td>\n",
       "      <td>1.000000</td>\n",
       "      <td>0.080275</td>\n",
       "      <td>0.112251</td>\n",
       "      <td>0.068286</td>\n",
       "      <td>-0.081834</td>\n",
       "      <td>0.007714</td>\n",
       "      <td>-0.021826</td>\n",
       "      <td>-0.125067</td>\n",
       "      <td>0.062029</td>\n",
       "      <td>-0.050055</td>\n",
       "      <td>0.204390</td>\n",
       "    </tr>\n",
       "    <tr>\n",
       "      <td>nox</td>\n",
       "      <td>0.440185</td>\n",
       "      <td>0.463001</td>\n",
       "      <td>-0.501990</td>\n",
       "      <td>0.750087</td>\n",
       "      <td>0.080275</td>\n",
       "      <td>1.000000</td>\n",
       "      <td>-0.338515</td>\n",
       "      <td>0.736000</td>\n",
       "      <td>-0.769364</td>\n",
       "      <td>0.612180</td>\n",
       "      <td>0.670722</td>\n",
       "      <td>0.192513</td>\n",
       "      <td>-0.369416</td>\n",
       "      <td>0.598874</td>\n",
       "      <td>-0.413054</td>\n",
       "    </tr>\n",
       "    <tr>\n",
       "      <td>rm</td>\n",
       "      <td>-0.112790</td>\n",
       "      <td>-0.310180</td>\n",
       "      <td>0.328197</td>\n",
       "      <td>-0.440365</td>\n",
       "      <td>0.112251</td>\n",
       "      <td>-0.338515</td>\n",
       "      <td>1.000000</td>\n",
       "      <td>-0.248573</td>\n",
       "      <td>0.269191</td>\n",
       "      <td>-0.272783</td>\n",
       "      <td>-0.356987</td>\n",
       "      <td>-0.366927</td>\n",
       "      <td>0.155202</td>\n",
       "      <td>-0.615747</td>\n",
       "      <td>0.689598</td>\n",
       "    </tr>\n",
       "    <tr>\n",
       "      <td>age</td>\n",
       "      <td>0.257300</td>\n",
       "      <td>0.379034</td>\n",
       "      <td>-0.544513</td>\n",
       "      <td>0.638378</td>\n",
       "      <td>0.068286</td>\n",
       "      <td>0.736000</td>\n",
       "      <td>-0.248573</td>\n",
       "      <td>1.000000</td>\n",
       "      <td>-0.764208</td>\n",
       "      <td>0.447380</td>\n",
       "      <td>0.511893</td>\n",
       "      <td>0.259293</td>\n",
       "      <td>-0.268054</td>\n",
       "      <td>0.588834</td>\n",
       "      <td>-0.358888</td>\n",
       "    </tr>\n",
       "    <tr>\n",
       "      <td>dis</td>\n",
       "      <td>-0.356461</td>\n",
       "      <td>-0.397067</td>\n",
       "      <td>0.637142</td>\n",
       "      <td>-0.702327</td>\n",
       "      <td>-0.081834</td>\n",
       "      <td>-0.769364</td>\n",
       "      <td>0.269191</td>\n",
       "      <td>-0.764208</td>\n",
       "      <td>1.000000</td>\n",
       "      <td>-0.477610</td>\n",
       "      <td>-0.529539</td>\n",
       "      <td>-0.231101</td>\n",
       "      <td>0.284374</td>\n",
       "      <td>-0.505939</td>\n",
       "      <td>0.249422</td>\n",
       "    </tr>\n",
       "    <tr>\n",
       "      <td>rad</td>\n",
       "      <td>0.707526</td>\n",
       "      <td>0.666636</td>\n",
       "      <td>-0.303663</td>\n",
       "      <td>0.569779</td>\n",
       "      <td>0.007714</td>\n",
       "      <td>0.612180</td>\n",
       "      <td>-0.272783</td>\n",
       "      <td>0.447380</td>\n",
       "      <td>-0.477610</td>\n",
       "      <td>1.000000</td>\n",
       "      <td>0.903562</td>\n",
       "      <td>0.470849</td>\n",
       "      <td>-0.406405</td>\n",
       "      <td>0.484568</td>\n",
       "      <td>-0.352251</td>\n",
       "    </tr>\n",
       "    <tr>\n",
       "      <td>tax</td>\n",
       "      <td>0.686246</td>\n",
       "      <td>0.617081</td>\n",
       "      <td>-0.311180</td>\n",
       "      <td>0.708313</td>\n",
       "      <td>-0.021826</td>\n",
       "      <td>0.670722</td>\n",
       "      <td>-0.356987</td>\n",
       "      <td>0.511893</td>\n",
       "      <td>-0.529539</td>\n",
       "      <td>0.903562</td>\n",
       "      <td>1.000000</td>\n",
       "      <td>0.467437</td>\n",
       "      <td>-0.406477</td>\n",
       "      <td>0.544485</td>\n",
       "      <td>-0.448078</td>\n",
       "    </tr>\n",
       "    <tr>\n",
       "      <td>ptratio</td>\n",
       "      <td>0.309838</td>\n",
       "      <td>0.313409</td>\n",
       "      <td>-0.380449</td>\n",
       "      <td>0.391087</td>\n",
       "      <td>-0.125067</td>\n",
       "      <td>0.192513</td>\n",
       "      <td>-0.366927</td>\n",
       "      <td>0.259293</td>\n",
       "      <td>-0.231101</td>\n",
       "      <td>0.470849</td>\n",
       "      <td>0.467437</td>\n",
       "      <td>1.000000</td>\n",
       "      <td>-0.164614</td>\n",
       "      <td>0.374802</td>\n",
       "      <td>-0.481376</td>\n",
       "    </tr>\n",
       "    <tr>\n",
       "      <td>black</td>\n",
       "      <td>-0.271619</td>\n",
       "      <td>-0.475796</td>\n",
       "      <td>0.168130</td>\n",
       "      <td>-0.335049</td>\n",
       "      <td>0.062029</td>\n",
       "      <td>-0.369416</td>\n",
       "      <td>0.155202</td>\n",
       "      <td>-0.268054</td>\n",
       "      <td>0.284374</td>\n",
       "      <td>-0.406405</td>\n",
       "      <td>-0.406477</td>\n",
       "      <td>-0.164614</td>\n",
       "      <td>1.000000</td>\n",
       "      <td>-0.356693</td>\n",
       "      <td>0.336660</td>\n",
       "    </tr>\n",
       "    <tr>\n",
       "      <td>lstat</td>\n",
       "      <td>0.281953</td>\n",
       "      <td>0.532077</td>\n",
       "      <td>-0.388112</td>\n",
       "      <td>0.614155</td>\n",
       "      <td>-0.050055</td>\n",
       "      <td>0.598874</td>\n",
       "      <td>-0.615747</td>\n",
       "      <td>0.588834</td>\n",
       "      <td>-0.505939</td>\n",
       "      <td>0.484568</td>\n",
       "      <td>0.544485</td>\n",
       "      <td>0.374802</td>\n",
       "      <td>-0.356693</td>\n",
       "      <td>1.000000</td>\n",
       "      <td>-0.738600</td>\n",
       "    </tr>\n",
       "    <tr>\n",
       "      <td>medv</td>\n",
       "      <td>-0.221694</td>\n",
       "      <td>-0.407454</td>\n",
       "      <td>0.344842</td>\n",
       "      <td>-0.473932</td>\n",
       "      <td>0.204390</td>\n",
       "      <td>-0.413054</td>\n",
       "      <td>0.689598</td>\n",
       "      <td>-0.358888</td>\n",
       "      <td>0.249422</td>\n",
       "      <td>-0.352251</td>\n",
       "      <td>-0.448078</td>\n",
       "      <td>-0.481376</td>\n",
       "      <td>0.336660</td>\n",
       "      <td>-0.738600</td>\n",
       "      <td>1.000000</td>\n",
       "    </tr>\n",
       "  </tbody>\n",
       "</table>\n",
       "</div>"
      ],
      "text/plain": [
       "               ID      crim        zn     indus      chas       nox        rm  \\\n",
       "ID       1.000000  0.456312 -0.155639  0.421978  0.007958  0.440185 -0.112790   \n",
       "crim     0.456312  1.000000 -0.210913  0.422228 -0.041195  0.463001 -0.310180   \n",
       "zn      -0.155639 -0.210913  1.000000 -0.518679 -0.024442 -0.501990  0.328197   \n",
       "indus    0.421978  0.422228 -0.518679  1.000000  0.037496  0.750087 -0.440365   \n",
       "chas     0.007958 -0.041195 -0.024442  0.037496  1.000000  0.080275  0.112251   \n",
       "nox      0.440185  0.463001 -0.501990  0.750087  0.080275  1.000000 -0.338515   \n",
       "rm      -0.112790 -0.310180  0.328197 -0.440365  0.112251 -0.338515  1.000000   \n",
       "age      0.257300  0.379034 -0.544513  0.638378  0.068286  0.736000 -0.248573   \n",
       "dis     -0.356461 -0.397067  0.637142 -0.702327 -0.081834 -0.769364  0.269191   \n",
       "rad      0.707526  0.666636 -0.303663  0.569779  0.007714  0.612180 -0.272783   \n",
       "tax      0.686246  0.617081 -0.311180  0.708313 -0.021826  0.670722 -0.356987   \n",
       "ptratio  0.309838  0.313409 -0.380449  0.391087 -0.125067  0.192513 -0.366927   \n",
       "black   -0.271619 -0.475796  0.168130 -0.335049  0.062029 -0.369416  0.155202   \n",
       "lstat    0.281953  0.532077 -0.388112  0.614155 -0.050055  0.598874 -0.615747   \n",
       "medv    -0.221694 -0.407454  0.344842 -0.473932  0.204390 -0.413054  0.689598   \n",
       "\n",
       "              age       dis       rad       tax   ptratio     black     lstat  \\\n",
       "ID       0.257300 -0.356461  0.707526  0.686246  0.309838 -0.271619  0.281953   \n",
       "crim     0.379034 -0.397067  0.666636  0.617081  0.313409 -0.475796  0.532077   \n",
       "zn      -0.544513  0.637142 -0.303663 -0.311180 -0.380449  0.168130 -0.388112   \n",
       "indus    0.638378 -0.702327  0.569779  0.708313  0.391087 -0.335049  0.614155   \n",
       "chas     0.068286 -0.081834  0.007714 -0.021826 -0.125067  0.062029 -0.050055   \n",
       "nox      0.736000 -0.769364  0.612180  0.670722  0.192513 -0.369416  0.598874   \n",
       "rm      -0.248573  0.269191 -0.272783 -0.356987 -0.366927  0.155202 -0.615747   \n",
       "age      1.000000 -0.764208  0.447380  0.511893  0.259293 -0.268054  0.588834   \n",
       "dis     -0.764208  1.000000 -0.477610 -0.529539 -0.231101  0.284374 -0.505939   \n",
       "rad      0.447380 -0.477610  1.000000  0.903562  0.470849 -0.406405  0.484568   \n",
       "tax      0.511893 -0.529539  0.903562  1.000000  0.467437 -0.406477  0.544485   \n",
       "ptratio  0.259293 -0.231101  0.470849  0.467437  1.000000 -0.164614  0.374802   \n",
       "black   -0.268054  0.284374 -0.406405 -0.406477 -0.164614  1.000000 -0.356693   \n",
       "lstat    0.588834 -0.505939  0.484568  0.544485  0.374802 -0.356693  1.000000   \n",
       "medv    -0.358888  0.249422 -0.352251 -0.448078 -0.481376  0.336660 -0.738600   \n",
       "\n",
       "             medv  \n",
       "ID      -0.221694  \n",
       "crim    -0.407454  \n",
       "zn       0.344842  \n",
       "indus   -0.473932  \n",
       "chas     0.204390  \n",
       "nox     -0.413054  \n",
       "rm       0.689598  \n",
       "age     -0.358888  \n",
       "dis      0.249422  \n",
       "rad     -0.352251  \n",
       "tax     -0.448078  \n",
       "ptratio -0.481376  \n",
       "black    0.336660  \n",
       "lstat   -0.738600  \n",
       "medv     1.000000  "
      ]
     },
     "execution_count": 100,
     "metadata": {},
     "output_type": "execute_result"
    }
   ],
   "source": [
    "data.corr()"
   ]
  },
  {
   "cell_type": "markdown",
   "metadata": {},
   "source": [
    "### Finding Correlation\n",
    "- From the correlation matrix we see that median value is most negatively correlated with lstat, we'll predict median value using lstat\n",
    "- note that chas is showing up as a numerical variable while it should be factor (0,1), we will not consider this variable as it is best suited for logistic regression\n",
    "- First we need to do a 70/30 split on the data to get our train and test sets"
   ]
  },
  {
   "cell_type": "code",
   "execution_count": 101,
   "metadata": {},
   "outputs": [],
   "source": [
    "train, test = train_test_split(data, test_size=0.3)\n",
    "train = train.reset_index()\n",
    "test = test.reset_index()"
   ]
  },
  {
   "cell_type": "markdown",
   "metadata": {},
   "source": [
    "### Linear model on the train set\n",
    "- now that we've split the data we can run a linear model, generate predictions, and plot on the train set"
   ]
  },
  {
   "cell_type": "code",
   "execution_count": 102,
   "metadata": {},
   "outputs": [
    {
     "data": {
      "text/html": [
       "<div>\n",
       "<style scoped>\n",
       "    .dataframe tbody tr th:only-of-type {\n",
       "        vertical-align: middle;\n",
       "    }\n",
       "\n",
       "    .dataframe tbody tr th {\n",
       "        vertical-align: top;\n",
       "    }\n",
       "\n",
       "    .dataframe thead th {\n",
       "        text-align: right;\n",
       "    }\n",
       "</style>\n",
       "<table border=\"1\" class=\"dataframe\">\n",
       "  <thead>\n",
       "    <tr style=\"text-align: right;\">\n",
       "      <th></th>\n",
       "      <th>index</th>\n",
       "      <th>ID</th>\n",
       "      <th>crim</th>\n",
       "      <th>zn</th>\n",
       "      <th>indus</th>\n",
       "      <th>chas</th>\n",
       "      <th>nox</th>\n",
       "      <th>rm</th>\n",
       "      <th>age</th>\n",
       "      <th>dis</th>\n",
       "      <th>rad</th>\n",
       "      <th>tax</th>\n",
       "      <th>ptratio</th>\n",
       "      <th>black</th>\n",
       "      <th>lstat</th>\n",
       "      <th>medv</th>\n",
       "      <th>preds</th>\n",
       "    </tr>\n",
       "  </thead>\n",
       "  <tbody>\n",
       "    <tr>\n",
       "      <td>0</td>\n",
       "      <td>304</td>\n",
       "      <td>466</td>\n",
       "      <td>3.16360</td>\n",
       "      <td>0.0</td>\n",
       "      <td>18.10</td>\n",
       "      <td>0</td>\n",
       "      <td>0.6550</td>\n",
       "      <td>5.759</td>\n",
       "      <td>48.2</td>\n",
       "      <td>3.0665</td>\n",
       "      <td>24</td>\n",
       "      <td>666</td>\n",
       "      <td>20.2</td>\n",
       "      <td>334.40</td>\n",
       "      <td>14.13</td>\n",
       "      <td>19.9</td>\n",
       "      <td>21.114705</td>\n",
       "    </tr>\n",
       "    <tr>\n",
       "      <td>1</td>\n",
       "      <td>234</td>\n",
       "      <td>357</td>\n",
       "      <td>8.98296</td>\n",
       "      <td>0.0</td>\n",
       "      <td>18.10</td>\n",
       "      <td>1</td>\n",
       "      <td>0.7700</td>\n",
       "      <td>6.212</td>\n",
       "      <td>97.4</td>\n",
       "      <td>2.1222</td>\n",
       "      <td>24</td>\n",
       "      <td>666</td>\n",
       "      <td>20.2</td>\n",
       "      <td>377.73</td>\n",
       "      <td>17.60</td>\n",
       "      <td>17.8</td>\n",
       "      <td>17.727825</td>\n",
       "    </tr>\n",
       "    <tr>\n",
       "      <td>2</td>\n",
       "      <td>44</td>\n",
       "      <td>67</td>\n",
       "      <td>0.04379</td>\n",
       "      <td>80.0</td>\n",
       "      <td>3.37</td>\n",
       "      <td>0</td>\n",
       "      <td>0.3980</td>\n",
       "      <td>5.787</td>\n",
       "      <td>31.1</td>\n",
       "      <td>6.6115</td>\n",
       "      <td>4</td>\n",
       "      <td>337</td>\n",
       "      <td>16.1</td>\n",
       "      <td>396.90</td>\n",
       "      <td>10.24</td>\n",
       "      <td>19.4</td>\n",
       "      <td>24.911524</td>\n",
       "    </tr>\n",
       "    <tr>\n",
       "      <td>3</td>\n",
       "      <td>182</td>\n",
       "      <td>272</td>\n",
       "      <td>0.16211</td>\n",
       "      <td>20.0</td>\n",
       "      <td>6.96</td>\n",
       "      <td>0</td>\n",
       "      <td>0.4640</td>\n",
       "      <td>6.240</td>\n",
       "      <td>16.3</td>\n",
       "      <td>4.4290</td>\n",
       "      <td>3</td>\n",
       "      <td>223</td>\n",
       "      <td>18.6</td>\n",
       "      <td>396.90</td>\n",
       "      <td>6.59</td>\n",
       "      <td>25.2</td>\n",
       "      <td>28.474093</td>\n",
       "    </tr>\n",
       "    <tr>\n",
       "      <td>4</td>\n",
       "      <td>141</td>\n",
       "      <td>204</td>\n",
       "      <td>0.03510</td>\n",
       "      <td>95.0</td>\n",
       "      <td>2.68</td>\n",
       "      <td>0</td>\n",
       "      <td>0.4161</td>\n",
       "      <td>7.853</td>\n",
       "      <td>33.2</td>\n",
       "      <td>5.1180</td>\n",
       "      <td>4</td>\n",
       "      <td>224</td>\n",
       "      <td>14.7</td>\n",
       "      <td>392.78</td>\n",
       "      <td>3.81</td>\n",
       "      <td>48.5</td>\n",
       "      <td>31.187501</td>\n",
       "    </tr>\n",
       "  </tbody>\n",
       "</table>\n",
       "</div>"
      ],
      "text/plain": [
       "   index   ID     crim    zn  indus  chas     nox     rm   age     dis  rad  \\\n",
       "0    304  466  3.16360   0.0  18.10     0  0.6550  5.759  48.2  3.0665   24   \n",
       "1    234  357  8.98296   0.0  18.10     1  0.7700  6.212  97.4  2.1222   24   \n",
       "2     44   67  0.04379  80.0   3.37     0  0.3980  5.787  31.1  6.6115    4   \n",
       "3    182  272  0.16211  20.0   6.96     0  0.4640  6.240  16.3  4.4290    3   \n",
       "4    141  204  0.03510  95.0   2.68     0  0.4161  7.853  33.2  5.1180    4   \n",
       "\n",
       "   tax  ptratio   black  lstat  medv      preds  \n",
       "0  666     20.2  334.40  14.13  19.9  21.114705  \n",
       "1  666     20.2  377.73  17.60  17.8  17.727825  \n",
       "2  337     16.1  396.90  10.24  19.4  24.911524  \n",
       "3  223     18.6  396.90   6.59  25.2  28.474093  \n",
       "4  224     14.7  392.78   3.81  48.5  31.187501  "
      ]
     },
     "execution_count": 102,
     "metadata": {},
     "output_type": "execute_result"
    }
   ],
   "source": [
    "lm = LinearRegression()\n",
    "observed_x = train['lstat'].values.reshape(-1,1)\n",
    "observed_y = train['medv'].values.reshape(-1,1)\n",
    "lm.fit(observed_x,observed_y)\n",
    "\n",
    "train['preds'] = lm.predict(observed_x)\n",
    "train.head()"
   ]
  },
  {
   "cell_type": "code",
   "execution_count": 103,
   "metadata": {},
   "outputs": [
    {
     "name": "stdout",
     "output_type": "stream",
     "text": [
      "The equation of the line is:\n",
      "y =  34.906236648731394 + -0.9760461095954743 x\n"
     ]
    }
   ],
   "source": [
    "print(\"The equation of the line is:\")\n",
    "print(\"y = \",lm.intercept_[0],\"+\",lm.coef_[0][0],\"x\")"
   ]
  },
  {
   "cell_type": "code",
   "execution_count": 104,
   "metadata": {},
   "outputs": [
    {
     "data": {
      "text/plain": [
       "0.5871519701891159"
      ]
     },
     "execution_count": 104,
     "metadata": {},
     "output_type": "execute_result"
    }
   ],
   "source": [
    "predicted_y = lm.predict(observed_x)\n",
    "r2_score(observed_y,predicted_y)"
   ]
  },
  {
   "cell_type": "code",
   "execution_count": 105,
   "metadata": {},
   "outputs": [
    {
     "data": {
